ardata <-
structure(list(Time = c(0, 1, 2, 3, 4, 5, 6, 7, 8, 9, 10, 11, 
12, 13, 14, 15, 16, 17, 18, 19, 20, 21, 22, 23, 24, 25, 26, 27, 
28, 29, 30, 31, 32, 33, 34, 35, 36, 37, 38, 39, 40, 41, 42, 43, 
44, 45, 46, 47, 48, 49), RNA = c(8, 9, 9, 9, 8, 9, 5, 7, 8, 8, 
6, 6, 9, 7, 5, 3, 2, 1, 1, 2, 2, 6, 10, 10, 10, 7, 4, 5, 4, 2, 
3, 6, 4, 3, 2, 3, 4, 5, 5, 3, 4, 8, 7, 6, 7, 9, 7, 8, 6, 4), 
    P = c(8, 8, 7, 8, 8, 8, 7, 13, 8, 10, 14, 9, 10, 18, 10, 
    17, 13, 11, 12, 17, 11, 7, 9, 14, 12, 13, 13, 13, 14, 16, 
    8, 11, 8, 8, 9, 13, 8, 11, 9, 9, 9, 9, 7, 9, 12, 15, 13, 
    9, 11, 9), P2 = c(8, 8, 8, 6, 6, 5, 8, 5, 8, 6, 6, 7, 8, 
    7, 8, 5, 6, 8, 7, 5, 9, 9, 9, 7, 7, 6, 8, 9, 6, 9, 8, 7, 
    9, 5, 2, 2, 4, 4, 7, 7, 5, 5, 6, 5, 4, 3, 5, 5, 3, 6), DNA = c(5, 
    6, 5, 4, 4, 3, 6, 6, 6, 5, 7, 6, 6, 7, 5, 4, 3, 5, 5, 6, 
    7, 5, 6, 6, 5, 3, 6, 7, 5, 9, 5, 5, 6, 3, 2, 4, 3, 4, 6, 
    7, 5, 5, 5, 6, 6, 6, 7, 5, 3, 5)), .Names = c("Time", "RNA", 
"P", "P2", "DNA"), class = "data.frame", row.names = c(NA, -50L
))
